Volatility,Return,Sharpe,TSLA,BND,SPY
0.2809715108423913,,,0.37932053665746845,0.12378483437949664,0.4968946289630349
0.26844446930325533,,,0.39972378155996224,0.30935517311986355,0.29092104532017415
0.3867805199945767,,,0.5966523916821656,0.07122417666451764,0.3321234316533168
0.3435155502772536,,,0.5716962613762457,0.39318092273375493,0.035122815889999194
0.40541776742762525,,,0.6387047859045657,0.08570039931331477,0.2755948147821195
0.3146849226783706,,,0.48436060643204587,0.24890846907931607,0.26673092448863805
0.11184986123964712,,,0.10049252458767245,0.5622903320687271,0.3372171433436003
0.3841250273272655,,,0.6155184527591434,0.18652276325711145,0.19795878398374517
0.21037046327819797,,,0.2635529116559729,0.290119182354611,0.44632790598941613
0.23021753607446013,,,0.3089102291471703,0.28572409619977407,0.4053656746530556
0.31877372853558744,,,0.501437941862517,0.28885096506514246,0.20971109307234062
0.27721138807447004,,,0.4215482643394494,0.32291475428060623,0.2555369813799443
0.1345182158430536,,,0.1630254959531282,0.5659858646650454,0.2709886393818262
0.2626030632977757,,,0.41355309780554184,0.4299140904552629,0.1565328117391953
0.13276739476981758,,,0.045475292959462336,0.3286391177097766,0.6258855893307611
0.2321361989711687,,,0.32077687869190646,0.3129489780319481,0.36627414327614544
0.329375225533443,,,0.5326466641071429,0.3359454242689651,0.13140791162389195
0.31301269508730983,,,0.47007888179846435,0.20153569084574172,0.32838542735579396
0.33096765674092016,,,0.4752941496073171,0.06459447749978926,0.46011137289289367
0.12292696859389171,,,0.13388692051035161,0.5679477027525901,0.2981653767370583
0.25450611101771703,,,0.3894529166102891,0.3957147504127947,0.21483233297691623
0.3238312570413026,,,0.5330817205179514,0.39918719595592966,0.06773108352611884
0.16848977406305535,,,0.08356542319942917,0.1634644213674557,0.7529701554331152
0.27677731236768405,,,0.3948592186590597,0.21565846841043373,0.38948231293050656
0.11782622404444787,,,0.001098783704103672,0.37772211597227734,0.621179100323619
0.1959006174859672,,,0.2682021679366303,0.42363423274607936,0.3081635993172904
0.39371366273928315,,,0.6603567699436573,0.3237805011466727,0.01586272890966992
0.17428069899410975,,,0.0611283031303429,0.10042926970403433,0.8384424271656228
0.4285893693865093,,,0.6784001457238272,0.04624768202873721,0.2753521722474356
0.32776253839379266,,,0.48414121906440727,0.12762288999915913,0.3882358909364337
0.2291966177884857,,,0.33659718404614014,0.4016944557224946,0.2617083602313654
0.27351117797837765,,,0.4506451664771908,0.5089901605189259,0.04036467300388332
0.18076607072276024,,,0.2873192656764782,0.6612915476638309,0.051389186659691
0.2383726954966259,,,0.32703812210714434,0.2839259912701133,0.38903588662274236
0.4143670739672072,,,0.6555878373867194,0.07781702597471983,0.26659513663856077
0.13849433103995612,,,0.19168081082907829,0.6396497702262098,0.16866941894471185
0.23431211673017643,,,0.24482231494250864,0.06520843425774914,0.6899692507997423
0.22347378939934573,,,0.33427344514396407,0.44535441543175447,0.2203721394242815
0.17146245311415403,,,0.20070005206026326,0.3922716558134107,0.407028292126326
0.2263715967747321,,,0.3109022928213704,0.3247125644442137,0.36438514273441597
0.295110498233664,,,0.43803456066978896,0.22854965315948653,0.33341578617072454
0.4784377805524691,,,0.7881065263253758,0.08629207835820714,0.12560139531641704
0.2742523873316493,,,0.3929009666736648,0.22974786608082637,0.3773511672455088
0.1763829534500729,,,0.2100650549950197,0.38324112215744655,0.4066938228475338
0.30459822757797506,,,0.509465479537831,0.48667839193417245,0.0038561285279965023
0.2728542865256534,,,0.4403964733738844,0.45939272072572085,0.10021080590039479
0.32068363086555995,,,0.43936431864874737,0.01660200682862407,0.5440336745226285
0.264781051067757,,,0.30036106161567216,0.0004995127312186877,0.6991394256531092
0.19990874744297712,,,0.22640405344525671,0.25665302599409723,0.5169429205606461
0.05779740920545762,,,0.0315247353350912,0.9239655707534004,0.044509693911508455
0.33538267246981746,,,0.4707173346821002,0.010375857910940296,0.5189068074069596
0.1874258066983912,,,0.2666198066957658,0.4925076127057872,0.24087258059844702
0.20947942137935113,,,0.2999722345311804,0.42895056076826704,0.27107720470055263
0.16557513838436097,,,0.1435525595820314,0.28756264647385155,0.5688847939441171
0.12185430726516447,,,0.09831984131511429,0.4851534457307024,0.41652671295418325
0.29845907854743253,,,0.46275115449168114,0.3064181224743354,0.23083072303398344
0.12782059735395426,,,0.12552576219629746,0.5070205024620406,0.36745373534166204
0.2981258885740135,,,0.4754504368500582,0.3715739667475008,0.15297559640244088
0.38198056444946726,,,0.6398122209415795,0.3408798605562567,0.01930791850216385
0.15301117682143875,,,0.22625552597921678,0.6500949090671979,0.12364956495358524
0.3613640989839844,,,0.5963254281571698,0.3291461823823896,0.07452838946044062
0.20800984768737615,,,0.3159425759854051,0.5129407740645119,0.1711166499500831
0.2379556970709897,,,0.33094752167919333,0.3019394762303744,0.36711300209043235
0.3035053508285695,,,0.499115018182298,0.4392825645520452,0.061602417265656795
0.14661269643932123,,,0.1232009084190375,0.36986967539487126,0.5069294161860912
0.07232508940374527,,,0.08168996374947156,0.9051787103645742,0.013131325885954235
0.20508849525219228,,,0.3112695827334113,0.5202666776107948,0.16846373965579398
0.26413709801814916,,,0.4147278675271044,0.4199176599886453,0.16535447248425045
0.16571832880221518,,,0.18960866822741268,0.40269894031379944,0.4076923914587879
0.2945275269332914,,,0.4751674769165144,0.40835070940858753,0.11648181367489815
0.4649192772272686,,,0.7784597465715529,0.18329903499160696,0.03824121843684023
0.2293859960130001,,,0.2830653395463694,0.20668782440672684,0.5102468360469037
0.16467331217265038,,,0.15360157739003685,0.3160754991375975,0.5303229234723656
0.2940187244950687,,,0.4252979709178504,0.186285110868456,0.38841691821369356
0.2587502099401208,,,0.36327092277288386,0.24808247368432704,0.388646603542789
0.29022085202463405,,,0.47987764170647446,0.48273281998101525,0.03738953831251027
0.11896108204421368,,,0.08938017797503844,0.486408894351719,0.42421092767324264
0.2407411296296219,,,0.39690196369957736,0.5830794235738916,0.020018612726530945
0.2788988050140076,,,0.4483914930307695,0.4360467107031867,0.11556179626604397
0.2543416386524621,,,0.3930193982198515,0.41402686219930707,0.19295373958084144
0.23436197311561743,,,0.3326181609673172,0.33919761606208165,0.3281842229706012
0.15955805917708266,,,0.11598440604455053,0.27115254461154953,0.6128630493438999
0.2309842418537848,,,0.33291735011769774,0.3701859434337975,0.29689670644850485
0.17305238441168114,,,0.1014516779349076,0.1626519879050046,0.7358963341600878
0.23961987418584635,,,0.3461696894237704,0.34699138544731367,0.30683892512891603
0.2764749294718296,,,0.3893052731967973,0.19695820469001904,0.4137365221131836
0.44775220178757835,,,0.7359496292043742,0.13912181261127932,0.12492855818434646
0.09226175823258623,,,0.041823024389335446,0.585478521897787,0.3726984537128775
0.1125623481215161,,,0.05220825047256338,0.4640864605605631,0.4837052889668735
0.23179178934282255,,,0.3741553659299291,0.557030790639625,0.06881384343044604
0.22980090833900077,,,0.34516289009592566,0.4333746871898128,0.22146242271426148
0.2641491180633935,,,0.3854286596180951,0.2884481501383639,0.3261231902435411
0.275406013808529,,,0.4176985380241892,0.3228478507898083,0.2594536111860024
0.2724348748318709,,,0.4214480823562614,0.3687370083814126,0.20981490926232607
0.20941386798716907,,,0.3048351156447114,0.4497693697647694,0.24539551459051923
0.3716870215573741,,,0.6014485669145869,0.24440732224023992,0.15414411084517315
0.0990147451139887,,,0.10439692306791867,0.6773131413117466,0.21828993562033466
0.163417667944913,,,0.24207062754223405,0.6170357803810469,0.14089359207671912
0.060571571250010184,,,0.005516969333993422,0.8018525443850864,0.19263048628092014
0.30573920434676605,,,0.43273629989015366,0.11504125873420994,0.4522224413756364
0.2726314534703888,,,0.44129806063331406,0.46670607148301657,0.09199586788366947
0.22507813550877476,,,0.36075549859309813,0.5592394762236688,0.08000502518323309
0.247052428737341,,,0.404990911397559,0.5552704342222027,0.03973865438023841
0.16316352153192004,,,0.21724771392029343,0.514762625606475,0.2679896604732316
0.26439508291273006,,,0.3776018667133259,0.2549887181681582,0.36740941511851577
0.47345490671684615,,,0.7642217432866835,0.014852916727458972,0.22092533998585767
0.33133506694771275,,,0.48740718065798405,0.10940114546773434,0.4031916738742817
0.37148602710789935,,,0.5793082259743009,0.1381947982168841,0.282496975808815
0.1253578210084136,,,0.1914958851409316,0.7898817598817819,0.018622354977286447
0.2492749756339872,,,0.40836634508519654,0.5486625202776424,0.042971134637161214
0.2845049218939565,,,0.449313284939791,0.381693213508292,0.16899350155191709
0.11459176963839851,,,0.0769132622842155,0.49183844532314464,0.43124829239263984
0.13732276512777053,,,0.17715235414301117,0.5920838825628909,0.23076376329409792
0.23860261287321566,,,0.34451488553281484,0.34933513183946097,0.30614998262772425
0.27060206227419253,,,0.4499255954731481,0.5393863831690332,0.010688021357818668
0.14877186575130597,,,0.0769798641352235,0.2732431330924076,0.6497770027723688
0.2120059117816121,,,0.26591383270199614,0.2850681542859032,0.44901801301210065
0.18480777961579567,,,0.2506969061026526,0.4530493244505702,0.2962537694467772
0.43393252496774387,,,0.7212351899825833,0.2109968432683142,0.06776796674910257
0.20003565135299536,,,0.24891153413406727,0.32309758430302477,0.42799088156290793
0.10994505953748522,,,0.057677678923646496,0.4896091439806777,0.4527131770956758
0.2758304837187002,,,0.38778699434959424,0.19665133724165065,0.41556166840875514
0.2516008562941318,,,0.3161337427954247,0.1423695592736789,0.5414966979308964
0.2821007960908914,,,0.4018679694129778,0.19723415419546972,0.4008978763915524
0.19654876285089615,,,0.2322749152103617,0.29823911862196095,0.46948596616767735
0.2410386862849717,,,0.3508901164318732,0.35360491873194133,0.29550496483618555
0.2932286890571588,,,0.4439886834921389,0.2714283342770875,0.2845829822307735
0.15664877738280072,,,0.20547841286684002,0.5275589120092073,0.26696267512395266
0.11904558019870506,,,0.17356127469234622,0.7651884043498112,0.06125032095784279
0.27957383762105603,,,0.351710300201237,0.043417935747998695,0.6048717640507643
0.24995045592999504,,,0.3671029631979018,0.34037126578087623,0.29252577102122207
0.17372263514181932,,,0.209600422693957,0.4022687851307581,0.3881307921752849
0.300554590556274,,,0.4941471189036411,0.44493844133711324,0.06091443975924563
0.30254762212884917,,,0.4931812715281212,0.4171937909585941,0.0896249375132848
0.18026020211220045,,,0.2013299085881734,0.3287650336030086,0.46990505780881786
0.19042034489581255,,,0.2836839895902436,0.5382657083998935,0.17805030200986294
0.24259286344408887,,,0.3519522898604536,0.3440145056789048,0.30403320446064164
0.29578943164986715,,,0.44863643620321025,0.26791406891169245,0.2834494948850972
0.16095449051205665,,,0.21526574170794308,0.5266123642724841,0.25812189401957275
0.3257900672493979,,,0.4747431237593637,0.10692033452614365,0.41833654171449264
0.36652657592314497,,,0.5751120738215134,0.16688701384907323,0.2580009123294135
0.25040571154484065,,,0.26896141251612243,0.01683445944548306,0.7142041280383945
0.32104007331677986,,,0.45591381868008696,0.07430433243829643,0.4697818488816166
0.12239228093788825,,,0.1065589675169168,0.4998042234199541,0.39363680906312914
0.2626996715260819,,,0.39918237338145085,0.36087206367498365,0.23994556294356548
0.24318732068014,,,0.37350875904002395,0.4328668091196726,0.19362443184030337
0.12054540399276434,,,0.16202472161978282,0.6908621360809394,0.14711314229927772
0.3400623770240612,,,0.505355627538363,0.10573041939455613,0.38891395306708076
0.24380937371531353,,,0.3270869377517033,0.23956290123329238,0.43335016101500434
0.2711601432111743,,,0.32989090271630095,0.039103044149472466,0.6310060531342265
0.25805101971779226,,,0.38910693106112537,0.36007535587092465,0.25081771306795003
0.19496785633125663,,,0.30584321106785106,0.6000233379809822,0.09413345095116685
0.2208853404370085,,,0.3381416694627287,0.48858050786272655,0.17327782267454475
0.26008717580075214,,,0.42643232988396373,0.5262373346628256,0.04733033545321058
0.25451895556061116,,,0.327307871162278,0.15588605367310773,0.5168060751646144
0.3035526237652611,,,0.4619481801353558,0.25388939468013544,0.28416242518450885
0.273499885198165,,,0.34949534591979164,0.08226117580804101,0.5682434782721674
0.1900379082497534,,,0.23964504213209378,0.37117998818415465,0.3891749696837516
0.2974820177234636,,,0.48821507985182455,0.44657558009811377,0.06520934005006176
0.17943655796074887,,,0.20387047968642807,0.3419906573414648,0.45413886297210715
0.19437466026305997,,,0.24837486570717568,0.3657633654480705,0.3858617688447537
0.18704812220743905,,,0.2716325963680572,0.5172240158639452,0.21114338776799754
0.2837513442509994,,,0.4367503648775082,0.3291695702797198,0.23408006484277194
0.110368733903471,,,0.10314454925671243,0.5802587762708015,0.3165966744724862
0.18843101110942692,,,0.26973091736058863,0.4961747657379454,0.23409431690146595
0.306838385881594,,,0.46389057107893567,0.23172033288613553,0.3043890960349287
0.25598055189782637,,,0.38704244694334855,0.37054334242873094,0.24241421062792062
0.18403638269758832,,,0.13913284820407917,0.1600173527855028,0.7008497990104181
0.23629189669107373,,,0.3753941673974002,0.5136525696595806,0.11095326294301905
0.29370395204912003,,,0.47078792123456314,0.3942955975037448,0.13491648126169214
0.2425129380469153,,,0.2679523648417069,0.06859259716060323,0.6634550379976898
0.21409794008882696,,,0.29942266315109506,0.385940354336557,0.314636982512348
0.11964996569060325,,,0.053771287711174814,0.4208399974343503,0.5253887148544749
0.2343886561641545,,,0.32330845480904147,0.3034376548752014,0.37325389031575706
0.32229863137657183,,,0.5024782524494189,0.2588595943324296,0.2386621532181515
0.24639900932412515,,,0.34888517114528317,0.298389828568507,0.35272500028620984
0.13703097349958113,,,0.13491466487240877,0.4638093309916694,0.4012760041359218
0.1904160790187773,,,0.18546901021839898,0.21697827248717313,0.5975527172944279
0.44127755198413837,,,0.7407602338210422,0.23838518071369622,0.020854585465261602
0.272167406119774,,,0.36819781710090804,0.15544079744598777,0.4763613854531043
0.2686885242406736,,,0.3633692868281472,0.16645711666364593,0.47017359650820684
0.17348754303815614,,,0.22417793594484706,0.45235652031306295,0.3234655437420901
0.18844293417332053,,,0.2836396289706443,0.5579050513273043,0.15845531970205137
0.217145543701313,,,0.2342423633199986,0.15592427039390938,0.609833366286092
0.21709156121292145,,,0.34930146785518673,0.5868742737237886,0.06382425842102461
0.08891124064148825,,,0.006879298743624214,0.5671322765676852,0.4259884246886905
0.28018220971197727,,,0.44983328952071555,0.42978250826012804,0.12038420221915648
0.177516214498353,,,0.2792397980347177,0.6539214231378396,0.06683877882744263
0.20037739548087602,,,0.1065453253496974,0.006861047544348397,0.8865936271059542
0.096875227855408,,,0.06975480151441571,0.6032916830137601,0.3269535154718242
0.26690860365472957,,,0.3810531716623015,0.2467824645491594,0.3721643637885392
0.24079664583019897,,,0.31147866504832994,0.2102681263523452,0.47825320859932485
0.17763184388971884,,,0.235932658217362,0.4596485943473648,0.3044187474352732
0.3394695556479783,,,0.4794532709628405,0.00899930020968011,0.5115474288274794
0.2878708936385654,,,0.43253143644217873,0.27129404941346136,0.2961745141443599
0.14859681616217635,,,0.09524001977899517,0.3033877039854774,0.6013722762355275
0.2939569866399536,,,0.4054774951765213,0.11179827875974523,0.48272422606373344
0.27746712080696645,,,0.4089735000483682,0.2662808267196157,0.324745673232016
0.19404121448645634,,,0.25682288503846296,0.3976107185185178,0.3455663964430192
0.37858114871354465,,,0.5768304857313133,0.0600734524686185,0.3630960618000682
0.20871749351536004,,,0.2799365566041417,0.3588607897756574,0.3612026536202009
0.10299970589549393,,,0.005530953516713015,0.47321724214568844,0.5212518043375985
0.2766459640305372,,,0.348886698127795,0.056548284945984524,0.5945650169262204
0.17132681203858666,,,0.14563423408161053,0.25423795692872464,0.6001278089896649
0.2859991257875484,,,0.44219380109736545,0.3324882524150231,0.22531794648761136
0.21094504722362803,,,0.21887787322717928,0.15927546282983485,0.6218466639429858
0.14451200206196538,,,0.18526075968088157,0.5587143412686412,0.25602489905047726
0.2927130316281976,,,0.407328919456788,0.1287543868094611,0.4639166937337509
0.3783481390777801,,,0.6224521167701936,0.2841030170354366,0.09344486619436981
0.2496332929301988,,,0.29783774960327,0.10141422386620891,0.6007480265305211
0.3211162818964397,,,0.5038437520115371,0.27701425969944593,0.219141988289017
0.1572307322311914,,,0.15845663049230954,0.3793408002994602,0.4622025692082302
0.2687284501016335,,,0.3956481752095832,0.2895693591164704,0.31478246567394635
0.2839346672087325,,,0.4448224204467898,0.36549426334249957,0.18968331621071066
0.28083750926190515,,,0.44506992079224955,0.39842631293344066,0.15650376627430987
0.12624465488543032,,,0.05270006927943429,0.3779109910523782,0.5693889396681876
0.15071639050950478,,,0.11798668967106922,0.3319475928145555,0.5500657175143753
0.1610666822937684,,,0.24051031015842225,0.6341835674188558,0.12530612242272202
0.3582337034353956,,,0.5937237825021608,0.3499184925395346,0.056357724958304545
0.18642188283521083,,,0.2448045283914686,0.4179763336737362,0.33721913793479524
0.20489808478620836,,,0.3235540367632601,0.5839994829383561,0.09244648029838372
0.26849887775074427,,,0.4179995401024562,0.39154766780656103,0.19045279209098273
0.11569767613056636,,,0.09313108145161261,0.5171286820123627,0.38974023653602474
0.3348535156690581,,,0.5569795602093993,0.4087291192634579,0.034291320527142795
0.1520560876477673,,,0.21160190597457224,0.5932601037592361,0.19513799026619166
0.14804906528240544,,,0.1194131583293784,0.3523607884757315,0.5282260531948901
0.193271729285241,,,0.24188838080387304,0.3530898357460062,0.40502178345012074
0.1554344467191516,,,0.1373136466715253,0.3414622429473446,0.52122411038113
0.21132218655344684,,,0.28164115140936935,0.34349821069890357,0.374860637891727
0.18556224601365212,,,0.22248232654485683,0.3513308377292721,0.426186835725871
0.268121400078041,,,0.33743875355104724,0.08473105993674343,0.5778301865122093
0.22115808902534254,,,0.30942011310542644,0.3634594658109127,0.3271204210836608
0.3167782554499553,,,0.47682008614206056,0.19594005616539176,0.3272398576925477
0.08716732361625917,,,0.01873989777905284,0.5906863092442587,0.39057379297668854
0.3249714833161031,,,0.47764268519570124,0.12574947351578233,0.39660784128851645
0.2559651603829366,,,0.33516428647562113,0.17061115184253633,0.4942245616818426
0.21585969448340145,,,0.2998087456619023,0.37222512509230454,0.32796612924579316
0.23434096529576323,,,0.38409868196494584,0.5841797480950569,0.03172156993999736
0.15437448883348495,,,0.040775547626661836,0.19443983897300132,0.7647846134003369
0.24955615792508432,,,0.35341031566868053,0.2887460474561099,0.3578436368752095
0.31303819595651833,,,0.47737106360127085,0.23311158871340923,0.28951734768531995
0.32316503806900954,,,0.5283512942554943,0.38053487239808087,0.0911138333464247
0.2695986331971452,,,0.3844354444418065,0.23680076517457974,0.3787637903836138
0.26694535198680447,,,0.41016094036772166,0.3699795185517849,0.21985954108049344
0.16165859005984118,,,0.031234489831592417,0.14260080920831608,0.8261647009600914
0.1983389334502692,,,0.28445095850068003,0.46629810940197247,0.24925093209734744
0.28718117929213294,,,0.46831447441280066,0.4522155580228055,0.07946996756439381
0.1747696806776304,,,0.154884378012415,0.2515030186887157,0.5936126032988692
0.2530207582211258,,,0.41771463184553015,0.5589437239593704,0.023341644195099345
0.4615572813778774,,,0.7542545286986319,0.08797996688550126,0.15776550441586684
0.1268830884254558,,,0.1279128320958346,0.5203274957592945,0.3517596721448708
0.11868080991100899,,,0.15622084851394707,0.6847476108551424,0.15903154063091052
0.5166574412910409,,,0.860960482893186,0.06406828597780152,0.07497123112901241
0.3279064739907536,,,0.5101615197785709,0.23997258267382612,0.24986589754760297
0.26743276266148575,,,0.4210961079557532,0.4175110205230936,0.16139287152115325
0.17265026719913548,,,0.24834982413577855,0.5536447897001142,0.19800538616410718
0.20174652134621676,,,0.2637628605568937,0.3589203839600793,0.37731675548302696
0.18634921589029174,,,0.2305142267374519,0.370456595667997,0.3990291775945511
0.18349708589309882,,,0.2118166339550101,0.3349525042420122,0.4532308618029777
0.10156825557201424,,,0.013838642986932336,0.4892936717241068,0.4968676852889609
0.19374848786007687,,,0.22940408366991644,0.3105704771613321,0.46002543916875144
0.29179772577976587,,,0.4033325112032574,0.12168104932562596,0.47498643947111663
0.2448361382592174,,,0.2641305088995002,0.04252543406235634,0.6933440570381436
0.26926149061865645,,,0.43740193227315816,0.48299729231817107,0.07960077540867082
0.22650300576126448,,,0.21019351401576075,0.03534947272485875,0.7544570132593805
0.21549950384163039,,,0.28964594783944514,0.33769366753710484,0.37266038462345
0.19650715019148599,,,0.20993115908633667,0.23617756825790806,0.5538912726557553
0.21281166177902883,,,0.3012885032101286,0.40451315506387797,0.2941983417259934
0.27540394328092715,,,0.42089409252244264,0.3372474553401362,0.24185845213742116
0.1254224379715361,,,0.09638515146712857,0.45652923972123954,0.44708560881163184
0.22748500660729168,,,0.3522156431985287,0.4893044735524634,0.15847988324900783
0.20615738863466057,,,0.2774982403166666,0.3713102428702098,0.35119151681312366
0.24034198543662974,,,0.34394548713593576,0.3316646117566796,0.32438990110738475
0.38349662539253737,,,0.6040195387000404,0.1368536829378142,0.2591267783621453
0.19963458125982025,,,0.2599134104864734,0.3627285584363217,0.3773580310772048
0.08255379186996814,,,0.012605577963794032,0.6171165075507167,0.3702779144854893
0.3053356176230383,,,0.4812801704714213,0.32641034372510835,0.19230948580347038
0.2919077166201676,,,0.4160753441989021,0.1683989573992559,0.415525698401842
0.19975485365764592,,,0.20592197853271793,0.20340520043907404,0.5906728210282081
0.12192337809862049,,,0.1011337594859172,0.4908246419778095,0.40804159853627325
0.14565750184341736,,,0.15913319868974882,0.465515936776402,0.3753508645338492
0.11818049311225863,,,0.12288249423179555,0.5733849062166014,0.30373259955160287
0.29487242891576165,,,0.38640297531845075,0.0385721494013159,0.5750248752802334
0.36576643394051656,,,0.5816424203333271,0.20586154095006748,0.2124960387166053
0.316507522835488,,,0.5236406663719928,0.4294046450630613,0.046954688564945876
0.32158505926489855,,,0.5352497706798752,0.4374204648166411,0.02732976450348375
0.2730582454023437,,,0.38844183006303556,0.22266315940885997,0.38889501052810443
0.09677532096474153,,,0.002994654774986299,0.5115221313940431,0.4854832138309706
0.3422414567742448,,,0.5568690755414585,0.32532723721505863,0.117803687243483
0.17411646124219524,,,0.24139446237893322,0.5111309013256724,0.24747463629539435
0.09863398327509157,,,0.0007755031785837593,0.49784727562579945,0.5013772211956169
0.30195462451476124,,,0.495471445412114,0.436464618071502,0.06806393651638377
0.1999853123087724,,,0.27342660438504673,0.4083212992992243,0.318252096315729
0.18026384757325917,,,0.21020255230490176,0.35429888051171593,0.4354985671833823
0.3078317629458718,,,0.4577710103304884,0.1964674520881313,0.3457615375813804
0.09603058241109065,,,0.05564328621338856,0.5817826606933895,0.36257405309322205
0.30716584664774005,,,0.4092026340102985,0.01929488643186751,0.5715024795578341
0.2605042952786391,,,0.3321266913110001,0.12557870998683868,0.5422945987021612
0.2550122721074402,,,0.37139967485710607,0.31256253669666517,0.3160377884462288
0.09582918638264436,,,0.07086680565409495,0.6135881496503387,0.3155450446955664
0.3232998063491894,,,0.5236215361495207,0.3537106197496666,0.12266784410081273
0.31002819790229974,,,0.47815531578927534,0.26531483182396787,0.25652985238675685
0.2737415692262716,,,0.41460228899936546,0.3248224982655283,0.26057521273510625
0.12280693431873119,,,0.1808182538300957,0.7589420313643748,0.06023971480552956
0.30245051434687975,,,0.4123520062108437,0.067579299952726,0.5200686938364303
0.13081760087293703,,,0.0012249109428802566,0.29953388054133107,0.6992412085157886
0.22325134180673736,,,0.3041802115123599,0.32607267802056705,0.369747110467073
0.3153904915338864,,,0.4684445484236324,0.17307251652829908,0.3584829350480685
0.2644907581553338,,,0.3540265766711452,0.16748522337188368,0.47848819995697117
0.40135905189369314,,,0.6695949176946031,0.28867046657454487,0.041734615730852034
0.3935541084498312,,,0.6034213528828676,0.03788095875617505,0.35869768836095745
0.30900200542347017,,,0.4772094850212843,0.2708760743070019,0.2519144406717138
0.2397964944919284,,,0.3243561701556911,0.2624928357808756,0.4131509940634333
0.4535853178747509,,,0.7253154225608671,0.023887653405775925,0.250796924033357
0.447655971278267,,,0.7322900106551606,0.12072224675371762,0.14698774259112166
0.2128528006897593,,,0.2293773952318527,0.1730347721283974,0.5975878326397499
0.1807287638328035,,,0.23240417105433656,0.42146851727206025,0.3461273116736032
0.3039423511068027,,,0.40464599138895874,0.029097043800605685,0.5662569648104355
0.21357658955112016,,,0.18075074020310364,0.05553566420058953,0.7637135955963068
0.320160304766459,,,0.5042018188092431,0.2882929281381145,0.20750525305264217
0.22545898578934107,,,0.32900116777791777,0.40396642764515983,0.2670324045769223
0.22001964276502023,,,0.2904680047858102,0.30375612969190563,0.4057758655222843
0.2914302604720006,,,0.42329685527691546,0.20086918618673297,0.3758339585363517
0.20269879170795138,,,0.24148738719817261,0.27991498493668304,0.4785976278651443
0.2937424581069824,,,0.4484978333506989,0.2866318615378276,0.2648703051114735
0.13947080752187527,,,0.15579139329759795,0.5030964184536216,0.3411121882487804
0.23728173322508797,,,0.33890288973402344,0.338483335189683,0.32261377507629363
0.34731105009907637,,,0.5683359455792827,0.33158299283679765,0.10008106158391959
0.2867064879114069,,,0.43505987125784096,0.29325148355578784,0.27168864518637115
0.3085018592853259,,,0.5120581539225132,0.4556252352817511,0.03231661079573581
0.14453847167248676,,,0.2104104983319374,0.663392586746083,0.1261969149219796
0.30093460562400515,,,0.4697030585826404,0.3147714776029842,0.21552546381437543
0.22325945535026354,,,0.3129754724664072,0.35902841387292106,0.32799611366067166
0.28746081445157956,,,0.46797696249300424,0.44723874715646117,0.08478429035053452
0.16472773938089322,,,0.1633938940400733,0.339160631423488,0.4974454745364387
0.23683984846546166,,,0.35782424864949053,0.42264594951673956,0.21952980183376988
0.17061707576893187,,,0.1755266344741098,0.32854756675741126,0.49592579876847886
0.1797019244631863,,,0.28466087307593174,0.6587531215459801,0.05658600537808804
0.2726987424195617,,,0.42919992865266815,0.40344519767155373,0.1673548736757781
0.20542705243436854,,,0.2572331967733972,0.3080487726461668,0.43471803058043607
0.23584312740910188,,,0.25711390027464814,0.08622257302721768,0.6566635266981342
0.3590387857789284,,,0.5917227944462476,0.3296589870659421,0.07861821848781028
0.28830797284571996,,,0.4343477400583233,0.27512675376116946,0.29052550618050715
0.2533035114459956,,,0.30706844848865306,0.10188522903131403,0.591046322480033
0.32798841085029956,,,0.5477499529134577,0.43533472626530245,0.016915320821239737
0.2674881612832366,,,0.4152542153563007,0.3885412218641623,0.19620456277953696
0.298141069867197,,,0.45488582162105107,0.27352058704301613,0.2715935913359327
0.21037172702665552,,,0.23609861924957598,0.20855236799519056,0.5553490127552335
0.24355874250621934,,,0.37943347058134064,0.4575473433623543,0.163019186056305
0.2358751792410627,,,0.34149358749807135,0.36139457203678726,0.29711184046514144
0.12383042426186129,,,0.1685082233006972,0.6857292543630111,0.14576252233629156
0.09920491506360983,,,0.11068726109349991,0.6968149230600328,0.19249781584646725
0.1820423167280402,,,0.2309754593709587,0.4060112349285008,0.3630133057005405
0.24839121771056524,,,0.3625368874127997,0.3354844632163701,0.3019786493708301
0.2794733061843556,,,0.3851917862958013,0.1568155591176329,0.4579926545865658
0.2654115148825447,,,0.3814971746718952,0.2615002329570037,0.35700259237110116
0.1514131472058302,,,0.15245086610038866,0.40533580485562687,0.44221332904398425
0.2584924963787469,,,0.3169631837416099,0.09341447181063788,0.5896223444477522
0.40601855651156077,,,0.6420763931222477,0.09581088876956265,0.26211271810818954
0.25289727963234154,,,0.2722751736425898,0.008320269390093732,0.7194045569673164
0.2192027823388079,,,0.2774687598654608,0.26668211161994065,0.4558491285145985
0.15958680747707024,,,0.23630535620672652,0.6293398697985241,0.13435477399474954
0.2699140638842345,,,0.44829400137161346,0.5379092075036161,0.013796791124770471
0.2239499310337602,,,0.29579201324478055,0.29054785653539517,0.41366013021982423
0.35447628972278583,,,0.5619630431152298,0.22363117212874525,0.21440578475602498
0.27979902506560356,,,0.3495383705732541,0.03498884774273737,0.6154727816840087
0.13912310907710207,,,0.08074259082828669,0.3388677061213238,0.5803897030503894
0.16608187165453614,,,0.17103613158223438,0.3489660455896334,0.4799978228281322
0.29689775852025835,,,0.4451643768946263,0.24251467583559552,0.31232094726977816
0.4120169275832582,,,0.6771818845542987,0.21166543904873564,0.11115267639696567
0.1643225778626923,,,0.18043029127374835,0.3868018273662056,0.432767881360046
0.2188431500759611,,,0.30135402550695134,0.3526335836446375,0.3460123908484112
0.26174627981667903,,,0.39840124875286104,0.36649000158204464,0.23510874966509432
0.14319278648238445,,,0.06764913351625208,0.2939368085029261,0.6384140579808218
0.14344048144774124,,,0.13906169162260001,0.42829995505182983,0.43263835332557027
0.30124236539262667,,,0.4674900144259038,0.3013053169739552,0.23120466860014108
0.23924220063690557,,,0.38079604414252255,0.5099790807411142,0.10922487511636338
0.3601626378106516,,,0.5454769356688801,0.09359571400795069,0.36092735032316914
0.1666965065265661,,,0.25696792042843736,0.656768189059909,0.08626389051165373
0.18587665540111042,,,0.21289213858974287,0.32049608093773124,0.46661178047252594
0.20403207442989674,,,0.30564199652630614,0.5046026954505091,0.1897553080231847
0.18757054643667342,,,0.18042762782598956,0.22422345463991078,0.5953489175340996
0.32453665563130596,,,0.4875368712807695,0.17084536912679615,0.34161775959243434
0.19797060318817583,,,0.22828824295334205,0.2760858687667692,0.4956258882798888
0.27169378763317026,,,0.4036900841039555,0.2964564802455351,0.29985343565050937
0.29655105982790664,,,0.46885555124432626,0.35484091296932796,0.17630353578634583
0.1622070742834824,,,0.18437904377188347,0.413790971109474,0.40182998511864243
0.1566838980509748,,,0.17125202589344896,0.4174225550568557,0.41132541904969533
0.21240768011750524,,,0.2135017279715394,0.13610135000375095,0.6503969220247097
0.38786038688628044,,,0.6340186057584701,0.24259431334133924,0.12338708090019064
0.13576793078312277,,,0.2048639850000026,0.7343932582354349,0.0607427567645627
0.21550307941495594,,,0.334781686943121,0.5275082698874891,0.13771004316938995
0.3528660657787271,,,0.5680060690843558,0.27032205138883597,0.16167187952680812
0.18964235456736178,,,0.26143928830498725,0.4520272527015081,0.28653345899350463
0.31670704145570283,,,0.4436767843316377,0.0646025899689957,0.49172062569936653
0.28743132179334213,,,0.415903865704264,0.20626760927425808,0.3778285250214779
0.18837089227641507,,,0.2398689527172211,0.38516679746131605,0.3749642498214629
0.16085255631134532,,,0.18118074503103618,0.4146578550499147,0.4041613999190491
0.421146576216937,,,0.705809844005662,0.2690452755358155,0.02514488045852249
0.25995892268869947,,,0.34882008974264617,0.18564006241012623,0.4655398478472277
0.06876445132812857,,,0.03593407781343954,0.7662987289262163,0.19776719326034412
0.15969460126232568,,,0.23851207319412576,0.6389711178958135,0.12251680891006075
0.2912046485599394,,,0.43388061809338985,0.24646805216456788,0.3196513297420422
0.10647030640589454,,,0.04862441715084052,0.49873565782005846,0.45263992502910094
0.3141343533254909,,,0.4726743182699829,0.2023882656491901,0.324937416080827
0.16433260667691038,,,0.04899923050168943,0.14485814914257056,0.80614262035574
0.3357683065539778,,,0.5054850268568013,0.1450238645604765,0.34949110858272214
0.46846150141122006,,,0.7894579074309417,0.20601234153984194,0.004529751029216263
0.3519313368360316,,,0.5694192840149334,0.2874599363169155,0.14312077966815107
0.19115533683591598,,,0.1717768161750172,0.18087265476449432,0.6473505290604885
0.2200944775152731,,,0.3441679690903521,0.5263347256233953,0.12949730528625256
0.2736825192052146,,,0.41791716382565736,0.3402733890664474,0.24180944710789518
0.2322581961521445,,,0.31001668837020907,0.273059772274761,0.41692353935502996
0.23018648963189944,,,0.2883342622959913,0.21712314742798777,0.494542590276021
0.3876093326758711,,,0.5972518723227243,0.06610346639909068,0.3366446612781851
0.29037254428736214,,,0.46529928804863596,0.4013159197135473,0.1333847922378167
0.2821869370721856,,,0.4119651815269378,0.23646607598193786,0.35156874249112435
0.2680209804078956,,,0.38931327403855026,0.269886856165963,0.3407998697954867
0.1820160444972133,,,0.28728960381455027,0.6463520051584699,0.06635839102697985
0.23702401497476272,,,0.3223725787690932,0.27811111896210977,0.39951630226879703
0.23435641922436626,,,0.37525871143398587,0.5341816279443857,0.0905596606216285
0.12339731137010956,,,0.11111963632429621,0.5033451967804482,0.3855351668952556
0.26660103027395476,,,0.3810316481481997,0.24935204741647615,0.36961630443532406
0.09118076877475235,,,0.013639761044391335,0.5577247508662643,0.42863548808934443
0.13733924283796412,,,0.15338644755774702,0.5125156339169864,0.33409791852526644
0.19348325676722553,,,0.26913639147886353,0.4482306963843081,0.2826329121368283
0.1034297888829764,,,0.06329069722670663,0.5433694637074283,0.393339839065865
0.18961089543616372,,,0.23442032275914884,0.35758066850693637,0.40799900873391476
0.28572488511258254,,,0.40739597055904614,0.18763730188766814,0.40496672755328567
0.2008247277785142,,,0.26118558871730957,0.3574954614891642,0.3813189497935261
0.12169209052399273,,,0.09670449187439516,0.48281656989132,0.4204789382342848
0.30598563598141365,,,0.47376522917105474,0.28421916901603766,0.24201560181290754
0.2039388943769618,,,0.2797727532171423,0.39840186722345006,0.3218253795594078
0.2319128692152709,,,0.3287992189760595,0.3455471528961511,0.3256536281277894
0.2851452019402749,,,0.4094128222702729,0.20045442133660316,0.39013275639312395
0.15340845816683626,,,0.22536833912613988,0.6415791983789381,0.13305246249492203
0.1427463267049461,,,0.01719844088367522,0.24077090071050092,0.7420306584058239
0.23835494256624468,,,0.34494792793776335,0.35330802529407196,0.3017440467681647
0.2540457333199864,,,0.38588788167452354,0.383874548829839,0.23023756949563742
0.44027936559296216,,,0.7418359917730979,0.2563214952724978,0.001842512954404388
0.16676075937331186,,,0.20342838532459986,0.43712215365770724,0.359449461017693
0.43247736957819527,,,0.7045551276745492,0.13687525479861437,0.1585696175268365
0.28677180807136765,,,0.40988087902865544,0.18830464348419138,0.4018144774871532
0.179344786269428,,,0.1632428141699336,0.23973388723426042,0.5970232985958059
0.1299716593910143,,,0.1387429096911971,0.5268470678314705,0.3344100224773323
0.27236897178136826,,,0.39119945928337474,0.23935952634546,0.3694410143711652
0.17080294234019733,,,0.2514132331587036,0.585466465387086,0.16312030145421033
0.1561525175674791,,,0.16239973564463936,0.3972382779815334,0.4403619863738273
0.2594172257393457,,,0.4001539672437729,0.3972975940331687,0.2025484387230584
0.23412314123945327,,,0.3796126912132291,0.5608583518408358,0.05952895694593515
0.26991510660937224,,,0.4457689926720659,0.5229347431627318,0.03129626416520236
0.14529901800068648,,,0.14132310082721714,0.42073415394200003,0.43794274523078286
0.1966250528264393,,,0.2525720919174165,0.3619123052455186,0.38551560283706493
0.3523000157648386,,,0.528299073877709,0.09185810475077372,0.3798428213715173
0.15796545413382881,,,0.19017638288920427,0.4642080234406906,0.34561559367010514
0.4788904162503536,,,0.7863837403018245,0.07221184157145603,0.1414044181267195
0.13367353862861317,,,0.09133529743429032,0.39189868925985066,0.516766013305859
0.19431500358366668,,,0.261791651318322,0.4132682833340816,0.32494006534759645
0.19155519958907524,,,0.24900923614447246,0.3906034035050416,0.36038736035048596
0.18487334590693177,,,0.22145899075014217,0.35343380509750144,0.4251072041523563
0.06571476443127741,,,0.0330647205601742,0.7922958483640591,0.1746394310757666
0.1446694741393682,,,0.09392959864084002,0.32593119763359263,0.5801392037255674
0.3361147069180993,,,0.48434100734337276,0.055823936017380234,0.459835056639247
0.19929213834654616,,,0.29273125022859847,0.4926709371169953,0.21459781265440622
0.2715477237708912,,,0.3494110740087297,0.0968895479173378,0.5536993780739324
0.2547279305164746,,,0.3649133700353494,0.28897360816204476,0.34611302180260584
0.1317116240754492,,,0.09719108029001844,0.4158791007662918,0.4869298189436898
0.34833934505473607,,,0.5292304724654928,0.13203425116001613,0.33873527637449113
0.2967947713066388,,,0.46998609499499683,0.3579426008463191,0.17207130415868405
0.15997060514266093,,,0.03785389019960366,0.1587379244225091,0.8034081853778873
0.5247512130853309,,,0.8670113665274849,0.008071493135493473,0.12491714033702163
0.1345842740808954,,,0.13580932503184098,0.48401532511879514,0.3801753498493638
0.31989336149671477,,,0.44876184042402895,0.057076460497746534,0.4941616990782245
0.11179556085940835,,,0.017813740190160424,0.4281032976284217,0.5540829621814178
0.23254738626972596,,,0.33394424746549506,0.3604240695415574,0.3056316829929476
0.25803124523196075,,,0.3778692800570638,0.3121300184758699,0.31000070146706615
0.2513298380612758,,,0.36541475742032087,0.32096551341166174,0.3136197291680174
0.1391789758985546,,,0.15837657268738117,0.5131565482675139,0.32846687904510496
0.26101395557584367,,,0.33694072871526665,0.1372567151615794,0.525802556123154
0.18137486397434632,,,0.24502696654846082,0.46131151172954393,0.2936615217219954
0.14698004543027146,,,0.1527449358671309,0.4380817051296759,0.4091733590031932
0.24836628501820826,,,0.35895699327902736,0.3210781454744057,0.3199648612465669
0.21018809767277827,,,0.27597276372181595,0.33288530858545723,0.39114192769272677
0.25933552871828974,,,0.36288233131582587,0.24167413721851552,0.3954435314656585
0.15920750614274778,,,0.19272760057386976,0.4625307638063249,0.3447416356198053
0.1351279749364658,,,0.1811876722247869,0.6280989258781415,0.19071340189707153
0.29284274670907373,,,0.385756436884644,0.05215818277946719,0.5620853803358887
0.2551429208733474,,,0.3689648740421265,0.30150791204604216,0.3295272139118313
0.24576778838945812,,,0.3675733219172367,0.38102434752442543,0.2514023305583378
0.13015203273967457,,,0.1863702827643352,0.7020065176420522,0.11162319959361253
0.15138798972029785,,,0.06309176398931193,0.23815902404163095,0.6987492119690571
0.2649229431723662,,,0.4126493012128107,0.40179116851220414,0.18555953027498526
0.37067797390290824,,,0.5593005266195971,0.05689199828097838,0.38380747509942464
